image_width: 640
image_height: 480
camera_name: camera
camera_matrix:
  rows: 3
  cols: 3
  data: [584.184098, 0.000000, 344.463336, 0.000000, 584.878527, 228.755427, 0.000000, 0.000000, 1.000000]
distortion_model: plumb_bob
distortion_coefficients:
  rows: 1
  cols: 5
  data: [0.003209, -0.010929, -0.002662, 0.001259, 0.000000]
rectification_matrix:
  rows: 3
  cols: 3
  data: [1.000000, 0.000000, 0.000000, 0.000000, 1.000000, 0.000000, 0.000000, 0.000000, 1.000000]
projection_matrix:
  rows: 3
  cols: 4
  data: [584.740967, 0.000000, 345.318502, 0.000000, 0.000000, 585.501099, 227.719339, 0.000000, 0.000000, 0.000000, 1.000000, 0.000000]
