image_width: 640
image_height: 480
camera_name: camera
camera_matrix:
  rows: 3
  cols: 3
  data: [591.896419, 0.000000, 328.228574, 0.000000, 592.859162, 224.134333, 0.000000, 0.000000, 1.000000]
distortion_model: plumb_bob
distortion_coefficients:
  rows: 1
  cols: 5
  data: [0.009793, 0.003728, -0.000009, -0.001208, 0.000000]
rectification_matrix:
  rows: 3
  cols: 3
  data: [1.000000, 0.000000, 0.000000, 0.000000, 1.000000, 0.000000, 0.000000, 0.000000, 1.000000]
projection_matrix:
  rows: 3
  cols: 4
  data: [595.186279, 0.000000, 327.422596, 0.000000, 0.000000, 596.837708, 224.196457, 0.000000, 0.000000, 0.000000, 1.000000, 0.000000]
