image_width: 640
image_height: 480
camera_name: camera
camera_matrix:
  rows: 3
  cols: 3
  data: [586.816850, 0.000000, 354.973484, 0.000000, 588.928796, 238.267060, 0.000000, 0.000000, 1.000000]
distortion_model: plumb_bob
distortion_coefficients:
  rows: 1
  cols: 5
  data: [0.022004, -0.054588, -0.001962, 0.003741, 0.000000]
rectification_matrix:
  rows: 3
  cols: 3
  data: [1.000000, 0.000000, 0.000000, 0.000000, 1.000000, 0.000000, 0.000000, 0.000000, 1.000000]
projection_matrix:
  rows: 3
  cols: 4
  data: [587.100220, 0.000000, 357.297553, 0.000000, 0.000000, 591.508850, 237.550168, 0.000000, 0.000000, 0.000000, 1.000000, 0.000000]
